1793
8356 45 6563 13 6558 57 6556 33 6552 36 6531 34 6528 3 6523 16 6516 44 6510 24 6499 25 6498 59 6483 49 6482 37 6481 60 6478 35 6472 15 6469 12 6468 52 6464 11 6453 63 6450 47 6440 55 6440 26 6440 5 6438 10 6434 4 6432 43 6432 39 6423 27 6421 21 6414 9 6409 31 6399 14 6398 7 6394 29 6392 1 6379 61 6379 38 6378 30 6378 19 6378 8 6376 48 6372 28 6371 20 6370 41 6370 17 6362 6 6360 54 6355 2 6346 56 6344 23 6342 40 6329 32 6326 50 6310 42 6306 18 6300 53 6295 22 6284 58 6278 51 6242 62 6232 0 6212 46 0 = 6232
1 = 6392
2 = 6355
3 = 6528
4 = 6434
5 = 6440
6 = 6362
7 = 6398
8 = 6378
9 = 6414
10 = 6438
11 = 6464
12 = 6469
13 = 6563
14 = 6399
15 = 6472
16 = 6523
17 = 6370
18 = 6306
19 = 6378
20 = 6371
21 = 6421
22 = 6295
23 = 6344
24 = 6510
25 = 6499
26 = 6440
27 = 6423
28 = 6372
29 = 6394
30 = 6378
31 = 6409
32 = 6329
33 = 6556
34 = 6531
35 = 6478
36 = 6552
37 = 6482
38 = 6379
39 = 6432
40 = 6342
41 = 6370
42 = 6310
43 = 6432
44 = 6516
45 = 8356
46 = 6212
47 = 6450
48 = 6376
49 = 6483
50 = 6326
51 = 6278
52 = 6468
53 = 6300
54 = 6360
55 = 6440
56 = 6346
57 = 6558
58 = 6284
59 = 6498
60 = 6481
61 = 6379
62 = 6242
63 = 6453

---------------------------------
2045
8720 59 6675 27 6667 63 6663 46 6660 18 6632 30 6608 40 6606 25 6596 8 6589 58 6587 60 6573 3 6556 10 6552 14 6548 6 6547 21 6545 47 6542 57 6540 53 6536 43 6536 19 6533 13 6531 1 6530 39 6529 0 6527 2 6520 31 6514 45 6513 56 6505 7 6500 34 6499 54 6496 22 6494 37 6482 24 6481 50 6474 11 6473 55 6461 33 6452 49 6452 12 6446 5 6427 26 6425 17 6425 4 6422 29 6421 41 6415 23 6412 52 6411 9 6399 51 6393 48 6391 42 6388 16 6387 15 6384 36 6377 20 6375 38 6361 61 6337 44 6332 28 6328 62 6326 32 6316 35 0 = 6529
1 = 6531
2 = 6527
3 = 6573
4 = 6425
5 = 6446
6 = 6548
7 = 6505
8 = 6596
9 = 6411
10 = 6556
11 = 6474
12 = 6452
13 = 6533
14 = 6552
15 = 6387
16 = 6388
17 = 6425
18 = 6660
19 = 6536
20 = 6377
21 = 6547
22 = 6496
23 = 6415
24 = 6482
25 = 6606
26 = 6427
27 = 6675
28 = 6332
29 = 6422
30 = 6632
31 = 6520
32 = 6326
33 = 6461
34 = 6500
35 = 6316
36 = 6384
37 = 6494
38 = 6375
39 = 6530
40 = 6608
41 = 6421
42 = 6391
43 = 6536
44 = 6337
45 = 6514
46 = 6663
47 = 6545
48 = 6393
49 = 6452
50 = 6481
51 = 6399
52 = 6412
53 = 6540
54 = 6499
55 = 6473
56 = 6513
57 = 6542
58 = 6589
59 = 8720
60 = 6587
61 = 6361
62 = 6328
63 = 6667

---------------------------------
9
6410 51 6401 38 6386 62 6380 10 6352 58 6351 56 6340 36 6334 17 6333 44 6332 4 6328 25 6323 46 6321 57 6321 3 6320 7 6317 30 6315 15 6304 13 6303 39 6297 11 6296 45 6280 52 6280 2 6279 37 6269 50 6269 24 6264 27 6257 47 6247 41 6242 54 6242 19 6231 28 6230 5 6228 33 6227 32 6226 60 6225 22 6221 6 6217 9 6216 42 6214 0 6213 12 6212 43 6212 26 6208 1 6206 34 6201 40 6200 21 6198 14 6195 20 6193 29 6192 8 6186 61 6184 31 6181 18 6178 48 6170 35 6168 23 6167 59 6164 63 6160 49 6143 53 6138 16 6123 55 0 = 6214
1 = 6208
2 = 6280
3 = 6321
4 = 6332
5 = 6230
6 = 6221
7 = 6320
8 = 6192
9 = 6217
10 = 6380
11 = 6297
12 = 6213
13 = 6304
14 = 6198
15 = 6315
16 = 6138
17 = 6334
18 = 6181
19 = 6242
20 = 6195
21 = 6200
22 = 6225
23 = 6168
24 = 6269
25 = 6328
26 = 6212
27 = 6264
28 = 6231
29 = 6193
30 = 6317
31 = 6184
32 = 6227
33 = 6228
34 = 6206
35 = 6170
36 = 6340
37 = 6279
38 = 6401
39 = 6303
40 = 6201
41 = 6247
42 = 6216
43 = 6212
44 = 6333
45 = 6296
46 = 6323
47 = 6257
48 = 6178
49 = 6160
50 = 6269
51 = 6410
52 = 6280
53 = 6143
54 = 6242
55 = 6123
56 = 6351
57 = 6321
58 = 6352
59 = 6167
60 = 6226
61 = 6186
62 = 6386
63 = 6164

---------------------------------
214
6643 7 6429 47 6403 2 6388 31 6366 48 6364 27 6360 6 6357 42 6353 55 6348 63 6347 45 6338 4 6319 0 6315 38 6312 34 6312 29 6309 30 6307 43 6305 1 6295 11 6291 62 6291 41 6288 40 6286 26 6286 5 6280 24 6277 10 6271 53 6271 15 6269 59 6269 36 6269 35 6267 3 6266 16 6263 12 6260 54 6260 50 6258 33 6257 19 6255 17 6251 52 6248 18 6234 20 6231 60 6230 32 6227 28 6227 22 6223 46 6216 51 6216 39 6207 25 6199 49 6195 13 6186 61 6175 8 6167 21 6164 58 6157 9 6146 23 6136 44 6123 37 6069 14 6061 57 6058 56 0 = 6319
1 = 6305
2 = 6403
3 = 6267
4 = 6338
5 = 6286
6 = 6360
7 = 6643
8 = 6175
9 = 6157
10 = 6277
11 = 6295
12 = 6263
13 = 6195
14 = 6069
15 = 6271
16 = 6266
17 = 6255
18 = 6248
19 = 6257
20 = 6234
21 = 6167
22 = 6227
23 = 6146
24 = 6280
25 = 6207
26 = 6286
27 = 6364
28 = 6227
29 = 6312
30 = 6309
31 = 6388
32 = 6230
33 = 6258
34 = 6312
35 = 6269
36 = 6269
37 = 6123
38 = 6315
39 = 6216
40 = 6288
41 = 6291
42 = 6357
43 = 6307
44 = 6136
45 = 6347
46 = 6223
47 = 6429
48 = 6366
49 = 6199
50 = 6260
51 = 6216
52 = 6251
53 = 6271
54 = 6260
55 = 6353
56 = 6058
57 = 6061
58 = 6164
59 = 6269
60 = 6231
61 = 6186
62 = 6291
63 = 6348

---------------------------------
2407
9201 46 6794 23 6777 27 6755 47 6755 35 6735 43 6731 52 6704 56 6672 26 6642 36 6639 60 6638 44 6632 8 6627 22 6626 18 6611 12 6610 15 6610 1 6602 49 6601 19 6600 48 6597 53 6595 34 6589 45 6584 13 6574 29 6570 20 6569 31 6563 5 6562 62 6560 61 6556 42 6555 55 6550 40 6517 39 6513 16 6503 57 6503 41 6498 0 6495 9 6494 38 6488 3 6486 30 6469 14 6465 50 6460 2 6438 58 6438 32 6436 11 6434 4 6428 59 6426 54 6409 37 6409 10 6398 33 6396 6 6394 25 6390 51 6382 17 6363 21 6362 63 6353 24 6346 28 6341 7 0 = 6498
1 = 6610
2 = 6460
3 = 6488
4 = 6434
5 = 6563
6 = 6396
7 = 6341
8 = 6632
9 = 6495
10 = 6409
11 = 6436
12 = 6611
13 = 6584
14 = 6469
15 = 6610
16 = 6513
17 = 6382
18 = 6626
19 = 6601
20 = 6570
21 = 6363
22 = 6627
23 = 6794
24 = 6353
25 = 6394
26 = 6672
27 = 6777
28 = 6346
29 = 6574
30 = 6486
31 = 6569
32 = 6438
33 = 6398
34 = 6595
35 = 6755
36 = 6642
37 = 6409
38 = 6494
39 = 6517
40 = 6550
41 = 6503
42 = 6556
43 = 6735
44 = 6638
45 = 6589
46 = 9201
47 = 6755
48 = 6600
49 = 6602
50 = 6465
51 = 6390
52 = 6731
53 = 6597
54 = 6426
55 = 6555
56 = 6704
57 = 6503
58 = 6438
59 = 6428
60 = 6639
61 = 6560
62 = 6562
63 = 6362

---------------------------------
2054
8741 57 6687 41 6642 56 6609 49 6597 47 6577 60 6547 24 6542 51 6540 45 6534 1 6533 46 6529 37 6527 35 6516 29 6516 27 6502 61 6501 42 6486 38 6480 5 6479 50 6476 43 6474 18 6474 3 6471 23 6457 53 6449 26 6440 36 6429 28 6425 52 6425 30 6423 16 6422 17 6419 58 6419 14 6416 8 6413 63 6413 2 6407 13 6405 0 6399 39 6398 22 6397 34 6395 59 6387 33 6385 48 6385 10 6380 25 6376 55 6375 11 6372 44 6371 9 6342 15 6341 21 6339 31 6326 4 6319 12 6318 19 6311 54 6311 40 6306 62 6303 32 6300 6 6257 20 6159 7 0 = 6405
1 = 6534
2 = 6413
3 = 6474
4 = 6326
5 = 6480
6 = 6300
7 = 6159
8 = 6416
9 = 6371
10 = 6385
11 = 6375
12 = 6319
13 = 6407
14 = 6419
15 = 6342
16 = 6423
17 = 6422
18 = 6474
19 = 6318
20 = 6257
21 = 6341
22 = 6398
23 = 6471
24 = 6547
25 = 6380
26 = 6449
27 = 6516
28 = 6429
29 = 6516
30 = 6425
31 = 6339
32 = 6303
33 = 6387
34 = 6397
35 = 6527
36 = 6440
37 = 6529
38 = 6486
39 = 6399
40 = 6311
41 = 6687
42 = 6501
43 = 6476
44 = 6372
45 = 6540
46 = 6533
47 = 6597
48 = 6385
49 = 6609
50 = 6479
51 = 6542
52 = 6425
53 = 6457
54 = 6311
55 = 6376
56 = 6642
57 = 8741
58 = 6419
59 = 6395
60 = 6577
61 = 6502
62 = 6306
63 = 6413

---------------------------------
1782
8409 17 6627 49 6620 46 6604 9 6582 27 6577 63 6577 25 6564 1 6549 42 6541 37 6540 43 6528 31 6524 11 6521 6 6520 7 6519 45 6519 20 6512 54 6507 36 6504 57 6502 59 6502 3 6498 52 6497 26 6495 41 6494 39 6493 53 6488 32 6481 22 6480 29 6480 14 6478 44 6474 40 6470 19 6469 2 6466 58 6462 28 6462 8 6461 30 6457 4 6453 21 6447 62 6439 51 6431 48 6415 0 6410 16 6404 38 6401 24 6392 60 6390 18 6375 34 6374 35 6374 15 6366 61 6353 23 6351 13 6343 56 6343 47 6342 55 6332 10 6331 5 6312 12 6287 33 6284 50 0 = 6415
1 = 6564
2 = 6469
3 = 6502
4 = 6457
5 = 6331
6 = 6521
7 = 6520
8 = 6462
9 = 6604
10 = 6332
11 = 6524
12 = 6312
13 = 6351
14 = 6480
15 = 6374
16 = 6410
17 = 8409
18 = 6390
19 = 6470
20 = 6519
21 = 6453
22 = 6481
23 = 6353
24 = 6401
25 = 6577
26 = 6497
27 = 6582
28 = 6462
29 = 6480
30 = 6461
31 = 6528
32 = 6488
33 = 6287
34 = 6375
35 = 6374
36 = 6507
37 = 6541
38 = 6404
39 = 6494
40 = 6474
41 = 6495
42 = 6549
43 = 6540
44 = 6478
45 = 6519
46 = 6620
47 = 6343
48 = 6431
49 = 6627
50 = 6284
51 = 6439
52 = 6498
53 = 6493
54 = 6512
55 = 6342
56 = 6343
57 = 6504
58 = 6466
59 = 6502
60 = 6392
61 = 6366
62 = 6447
63 = 6577

---------------------------------
1708
8576 48 6868 49 6841 16 6765 17 6724 36 6648 20 6647 42 6641 44 6635 52 6631 37 6630 4 6622 45 6609 38 6604 14 6600 3 6598 40 6592 34 6586 32 6576 26 6573 56 6568 50 6565 43 6564 24 6556 46 6549 59 6546 25 6539 53 6532 12 6531 54 6531 28 6530 19 6514 6 6512 33 6512 9 6505 47 6505 30 6504 57 6501 5 6500 27 6498 58 6492 8 6491 18 6481 62 6478 1 6476 13 6466 29 6464 0 6461 10 6449 60 6449 7 6448 2 6435 31 6430 21 6425 55 6422 41 6419 61 6415 22 6412 51 6410 39 6407 35 6403 15 6372 63 6366 11 6335 23 0 = 6464
1 = 6478
2 = 6448
3 = 6600
4 = 6630
5 = 6501
6 = 6514
7 = 6449
8 = 6492
9 = 6512
10 = 6461
11 = 6366
12 = 6532
13 = 6476
14 = 6604
15 = 6403
16 = 6841
17 = 6765
18 = 6491
19 = 6530
20 = 6648
21 = 6430
22 = 6415
23 = 6335
24 = 6564
25 = 6546
26 = 6576
27 = 6500
28 = 6531
29 = 6466
30 = 6505
31 = 6435
32 = 6586
33 = 6512
34 = 6592
35 = 6407
36 = 6724
37 = 6631
38 = 6609
39 = 6410
40 = 6598
41 = 6422
42 = 6647
43 = 6565
44 = 6641
45 = 6622
46 = 6556
47 = 6505
48 = 8576
49 = 6868
50 = 6568
51 = 6412
52 = 6635
53 = 6539
54 = 6531
55 = 6425
56 = 6573
57 = 6504
58 = 6498
59 = 6549
60 = 6449
61 = 6419
62 = 6481
63 = 6372

---------------------------------